0.120689655172414 0.0517241379310345 0.0344827586206897 0.793103448275862
0.120689655172414 0.0344827586206897 0.0344827586206897 0.810344827586207
0.0963072413793103 0.0588651724137931 0.662313448275862 0.182514137931034
0.724137931034483 0.0344827586206897 0.0344827586206897 0.206896551724138
0.586206896551724 0.172413793103448 0.0344827586206897 0.206896551724138
0.0344827586206897 0.586206896551724 0.344827586206897 0.0344827586206897
0.0344827586206897 0.344827586206897 0.53448275862069 0.0862068965517241
0.53448275862069 0.0344827586206897 0.0344827586206897 0.396551724137931
0.0344827586206897 0.53448275862069 0.396551724137931 0.0344827586206897
0.396551724137931 0.0344827586206897 0.0344827586206897 0.53448275862069
0.0862068965517241 0.344827586206897 0.53448275862069 0.0344827586206897
0.586206896551724 0.0344827586206897 0.0344827586206897 0.344827586206897
0.258620689655172 0.362068965517241 0.344827586206897 0.0344827586206897
0.344827586206897 0.258620689655172 0.0344827586206897 0.362068965517241
